14 13 0 1 91 5 0
14 13 1 1115 101 5 0
14 12 0 32 122 5 0
14 12 1 1132 134 5 0
14 11 0 108 152 5 99
14 11 1 1102 164 5 0
14 10 0 102 177 5 0
14 10 1 1064 190 5 0
14 9 0 115 202 5 0
14 9 1 1062 215 5 0
14 8 0 124 226 5 0
14 8 1 1049 237 5 0
14 7 0 146 247 5 0
14 7 1 1046 260 5 0
14 6 0 151 268 5 0
14 6 1 997 277 5 0
14 5 0 205 286 5 0
14 5 1 1002 296 5 0
14 4 0 200 303 5 0
14 4 1 978 311 5 99
14 3 0 197 318 5 0
14 3 1 960 328 5 0
14 2 0 217 334 5 0
14 2 1 963 341 5 0
14 1 0 232 347 5 0
14 1 1 950 353 5 0
13 13 0 24 183 5 0
13 13 1 1178 194 5 0
13 12 0 27 210 5 0
13 12 1 1142 221 5 0
13 11 0 27 233 5 0
13 11 1 1132 247 5 0
13 10 0 81 259 5 0
13 10 1 1097 271 5 0
13 9 0 91 280 5 0
13 9 1 1091 292 5 0
13 8 0 99 299 5 0
13 8 1 1076 311 5 0
13 7 0 128 319 5 99
13 7 1 1056 330 5 99
13 6 0 163 336 5 99
13 6 1 1025 346 5 0
13 5 0 174 353 5 99
13 5 1 1010 361 5 0
13 4 0 198 367 5 0
13 4 1 998 375 5 0
13 3 0 209 380 5 0
13 3 1 986 389 5 0
13 2 0 225 392 5 0
13 2 1 976 401 5 0
13 1 0 250 405 5 99
13 1 1 953 413 5 99
12 13 0 7 270 5 0
12 13 1 1157 283 5 0
12 12 0 31 292 5 0
12 12 1 1152 308 5 0
12 11 0 44 317 5 0
12 11 1 1131 331 5 0
12 10 0 80 337 5 0
12 10 1 1088 350 5 0
12 9 0 92 353 5 0
12 9 1 1074 368 5 0
12 8 0 110 370 5 0
12 8 1 1061 384 5 0
12 7 0 157 387 5 0
12 7 1 1061 400 5 0
12 6 0 158 402 5 99
12 6 1 1010 412 5 99
12 5 0 172 415 5 0
12 5 1 1000 425 5 99
12 4 0 184 427 5 0
12 4 1 992 438 5 0
12 3 0 200 439 5 0
12 3 1 986 449 5 0
12 2 0 216 449 5 0
12 2 1 973 459 5 0
12 1 0 240 461 5 0
12 1 1 956 469 5 0
11 13 0 23 362 5 0
11 13 1 1164 373 5 0
11 12 0 87 383 5 0
11 12 1 1164 391 5 0
11 11 0 75 402 5 0
11 11 1 1133 411 5 0
11 10 0 87 416 5 0
11 10 1 1110 426 5 0
11 9 0 102 430 5 0
11 9 1 1086 440 5 0
11 8 0 110 444 5 0
11 8 1 1061 454 5 0
11 7 0 137 458 5 0
11 7 1 1041 465 5 0
11 6 0 155 468 5 99
11 6 1 1021 478 5 0
11 5 0 178 480 5 0
11 5 1 1004 489 5 0
11 4 0 190 490 5 0
11 4 1 984 498 5 0
11 3 0 209 500 5 0
11 3 1 971 507 5 0
11 2 0 219 509 5 0
11 2 1 975 516 5 0
11 1 0 234 518 5 0
11 1 1 955 523 5 0
10 13 0 24 450 5 0
10 13 1 1149 466 5 0
10 12 0 29 465 5 0
10 12 1 1147 481 5 0
10 11 0 34 482 5 0
10 11 1 1116 496 5 0
10 10 0 55 493 5 0
10 10 1 1093 508 5 0
10 9 0 77 505 5 0
10 9 1 1078 520 5 0
10 8 0 92 516 5 0
10 8 1 1055 529 5 0
10 7 0 114 525 5 0
10 7 1 1045 539 5 0
10 6 0 137 535 5 0
10 6 1 1027 546 5 0
10 5 0 150 544 5 0
10 5 1 1008 554 5 0
10 4 0 171 553 5 0
10 4 1 985 561 5 0
10 3 0 195 558 5 99
10 3 1 968 569 5 0
10 2 0 212 567 5 99
10 2 1 952 575 5 0
10 1 0 236 573 5 0
10 1 1 935 580 5 0
9 13 0 6 547 5 0
9 13 1 1158 556 5 0
9 12 0 44 555 5 0
9 12 1 1137 565 5 0
9 11 0 58 563 5 0
9 11 1 1124 575 5 0
9 10 0 69 574 5 0
9 10 1 1099 584 5 0
9 9 0 110 582 5 0
9 9 1 1076 592 5 0
9 8 0 133 590 5 0
9 8 1 1056 599 5 0
9 7 0 141 597 5 0
9 7 1 1032 604 5 0
9 6 0 153 604 5 0
9 6 1 1017 611 5 0
9 5 0 169 609 5 0
9 5 1 999 617 5 0
9 4 0 196 616 5 0
9 4 1 986 621 5 0
9 3 0 210 620 5 0
9 3 1 974 627 5 0
9 2 0 211 626 5 0
9 2 1 956 631 5 0
9 1 0 222 630 5 0
9 1 1 940 635 5 0
8 13 0 24 634 5 0
8 13 1 1159 648 5 0
8 12 0 38 641 5 0
8 12 1 1136 654 5 0
8 11 0 59 645 5 0
8 11 1 1111 659 5 0
8 10 0 76 653 5 0
8 10 1 1095 664 5 0
8 9 0 101 655 5 0
8 9 1 1077 668 5 0
8 8 0 127 661 5 0
8 8 1 1051 671 5 0
8 7 0 131 666 5 0
8 7 1 1031 675 5 0
8 6 0 148 669 5 0
8 6 1 1012 679 5 0
8 5 0 163 672 5 0
8 5 1 995 681 5 0
8 4 0 185 676 5 0
8 4 1 999 685 5 0
8 3 0 196 678 5 0
8 3 1 976 688 5 0
8 2 0 207 682 5 0
8 2 1 954 690 5 0
8 1 0 224 685 5 0
8 1 1 938 691 5 0
